199
200
199
195
202
201
197
199
201
200
197
200
197
201
199
199
198
199
199
198
202
201
199
200
201
201
199
200
197
199
200
198
196
198
200
203
198
200
199
201
197
202
199
201
197
199
202
200
197
200
201
196
198
197
200
198
198
202
198
202
204
199
197
197
200
200
201
201
201
201
200
200
201
196
201
201
199
198
199
201
201
199
199
204
201
199
200
201
202
199
198
196
200
195
198
200
199
200
199
203
197
199
197
196
202
202
198
202
201
201
199
203
202
201
198
198
200
199
201
201
200
198
200
201
197
201
201
199
199
201
200
198
202
200
198
199
200
196
204
197
199
196
199
199
199
204
204
196
196
200
197
197
201
196
203
196
198
198
200
200
202
200
202
200
201
198
199
200
201
200
202
198
198
200
197
200
200
199
199
200
201
202
201
200
199
200
198
197
199
200
200
198
200
200
201
198
204
203
196
199
198
200
197
200
198
197
201
200
199
195
202
201
200
200
202
204
199
199
198
199
198
198
201
201
201
202
197
199
201
198
202
201
196
199
199
196
199
199
197
198
196
196
201
197
203
199
202
199
198
195
199
198
197
197
197
198
200
202
199
199
198
199
201
198
199
200
202
198
199
202
198
199
200
202
198
200
202
199
202
200
199
199
198
199
199
199
201
200
202
198
201
199
200
200
199
197
204
202
204
200
198
203
200
198
201
199
200
199
200
201
199
201
200
200
200
201
196
204
196
200
198
199
196
200
194
198
203
199
202
200
198
203
200
198
198
200
198
202
198
200
201
198
197
200
204
199
200
200
199
202
199
197
198
198
198
198
198
200
193
197
199
196
200
197
199
199
202
198
199
198
198
198
198
199
198
198
200
199
198
202
204
200
198
199
201
200
200
203
199
199
196
200
199
202
200
200
198
203
196
202
199
