24
21
25
21
23
24
24
20
19
24
23
23
17
25
17
20
25
21
20
22
18
20
20
21
26
2.
20
18
19
21
17
16
14
27
16
21
13
19
21
24
18
23
13
17
15
26
18
24
21
19
25
23
27
21
27
19
28
40
17
25
28
14
15
24
12
14
20
30
27
12
23
19
20
27
21
20
20
24
23
28
16
14
22
15
30
11
15
22
19
28
32
16
22
17
24
22
9.
19
29
17
21
12
32
18
31
31
16
22
18
27
16
24
17
25
13
25
21
9.
26
20
24
15
17
19
26
32
15
24
27
18
15
17
24
25
20
20
19
21
17
18
22
19
26
25
25
15
15
21
24
17
25
22
12
15
6.
8.
23
13
20
21
19
7.
13
24
32
19
19
19
18
17
10
18
15
21
23
21
21
28
20
27
28
19
25
23
23
20
20
19
20
16
25
25
18
21
19
23
19
12
20
21
24
19
25
24
23
13
17
16
22
37
10
12
18
25
7.
29
27
21
25
23
27
21
30
16
20
20
29
19
15
16
27
22
31
28
6.
19
18
23
19
10
22
31
17
19
29
26
22
15
19
19
12
