202
199
200
199
202
199
202
197
201
198
203
199
201
201
204
198
199
200
198
199
204
199
201
194
198
197
199
199
202
199
200
197
200
198
198
204
199
199
199
199
194
200
200
197
201
200
203
196
198
202
198
196
200
196
204
198
199
200
198
200
201
196
203
200
200
197
200
196
197
203
201
202
202
204
202
196
200
196
199
199
199
198
198
202
196
201
200
200
196
199
199
199
198
200
198
200
197
201
200
200
199
198
199
198
199
199
197
200
200
199
200
196
198
201
199
200
200
198
200
198
204
193
199
201
203
201
200
198
202
196
198
199
201
199
198
197
202
202
200
196
200
200
196
201
198
201
200
199
201
198
199
200
201
204
200
201
201
201
198
200
200
201
201
198
200
200
201
200
196
200
200
203
199
198
199
201
197
194
197
197
200
200
200
197
200
201
199
199
197
201
197
197
199
197
198
198
200
200
198
199
199
200
200
202
200
201
198
200
200
200
198
196
202
200
199
197
200
198
199
199
201
199
201
197
200
199
200
200
197
201
201
200
199
200
203
202
199
201
202
200
198
201
202
198
200
198
199
197
199
200
199
202
199
199
203
200
200
198
201
201
197
198
204
199
198
201
202
198
197
202
198
199
200
197
201
199
201
201
199
198
204
198
203
198
199
197
199
199
196
200
202
197
199
197
200
201
199
201
199
198
202
198
199
201
200
197
197
200
199
199
202
200
198
198
200
201
201
198
196
200
201
195
198
202
200
199
198
199
200
201
203
203
203
202
198
198
200
198
198
200
198
202
197
200
199
197
198
198
199
201
198
200
201
201
197
201
197
198
203
201
199
202
198
199
203
200
201
203
202
198
200
199
196
200
200
202
198
196
200
202
202
200
199
198
198
200
201
199
197
195
201
198
202
198
198
199
196
196
201
199
201
199
198
195
201
199
197
203
200
196
198
199
198
202
201
199
196
199
202
201
201
201
201
196
197
198
198
198
198
204
197
202
202
202
198
195
199
198
202
200
200
201
196
200
202
202
198
200
200
203
201
202
201
200
200
199
201
199
197
199
202
200
198
199
200
199
198
202
200
199
201
199
199
199
201
198
200
200
203
197
199
199
202
205
200
