22
23
20
23
14
22
11
17
30
21
19
15
20
23
33
22
18
13
21
23
18
35
28
20
21
20
16
28
19
24
22
21
16
19
18
21
30
29
21
22
15
26
25
16
24
27
21
9.
24
13
10
18
21
22
20
18
20
23
18
28
24
15
12
20
20
26
15
28
28
41
14
10
15
30
21
25
17
9.
15
18
20
26
14
16
20
9.
21
29
21
22
25
11
26
20
23
17
11
22
25
13
23
14
19
7.
21
24
21
19
17
24
33
22
23
20
17
24
28
20
26
24
20
20
19
20
20
14
19
18
18
19
10
18
24
28
21
29
21
28
13
25
22
20
23
16
23
25
23
23
16
16
6.
26
24
21
23
12
17
26
19
19
27
21
15
14
16
21
28
29
14
27
26
24
17
24
21
24
14
26
22
22
10
12
22
25
13
22
21
20
21
20
20
10
18
16
11
19
18
17
27
21
23
25
25
25
20
27
18
14
19
18
16
32
28
5.
21
25
22
18
20
22
20
19
11
27
13
21
14
22
18
10
21
31
21
19
17
19
23
27
18
22
20
17
18
20
22
21
9.
23
24
18
16
16
15
24
10
19
25
12
19
19
20
27
20
15
22
23
22
11
20
9.
13
22
19
23
26
3.
20
24
21
10
16
21
21
21
17
21
19
21
21
22
17
22
16
20
15
17
28
24
17
21
20
25
19
22
15
25
16
15
19
16
19
22
16
23
28
18
21
18
20
16
12
23
26
21
28
17
22
16
33
13
21
21
18
24
22
11
5.
25
24
16
25
21
22
22
22
16
11
18
23
20
24
9.
36
22
14
21
17
25
34
19
26
11
25
18
31
21
24
20
13
23
13
22
22
22
6.
10
18
15
21
23
28
11
26
14
21
21
15
26
22
23
22
15
22
21
20
8.
13
24
20
16
27
12
18
27
22
19
22
15
17
25
20
10
17
16
21
18
19
12
23
30
28
19
30
21
17
15
26
26
16
24
20
25
25
24
20
26
18
16
12
20
21
23
12
25
24
19
16
18
21
18
19
20
17
20
18
23
15
10
29
19
24
17
19
14
19
23
21
22
24
19
26
18
16
30
25
3.
21
10
29
22
21
21
26
18
20
15
19
18
21
22
17
18
22
25
17
17
23
19
23
21
15
22
13
21
19
17
10
24
23
15
14
25
16
18
18
25
25
19
19
22
19
19
22
16
24
24
18
21
29
15
14
22
26
17
15
7.
16
18
22
12
22
24
29
17
11
29
31
30
23
25
25
19
21
26
20
8.
18
29
19
8.
28
27
15
28
18
17
18
27
29
24
20
34
19
25
21
19
24
24
29
24
28
33
18
24
22
16
21
21
17
25
5.
16
19
20
18
25
18
14
28
18
17
22
23
19
19
17
19
23
23
21
23
23
28
20
32
12
14
20
19
18
18
22
20
14
28
21
19
24
28
17
24
21
21
20
19
16
22
23
16
13
21
16
27
26
19
21
16
21
12
31
24
16
23
22
29
14
18
20
24
28
20
16
22
21
19
22
7.
20
21
18
24
15
20
19
23
24
22
7.
20
21
16
17
14
5.
19
11
21
21
26
17
18
30
15
24
29
18
21
15
21
18
27
14
22
31
27
20
23
27
24
24
17
11
15
16
21
22
21
43
20
23
17
17
18
18
14
21
8.
21
17
19
0.
10
21
20
23
27
17
6.
29
13
15
21
21
26
18
21
16
29
25
18
23
16
17
15
19
22
8.
19
19
25
13
17
24
17
37
17
9.
17
22
21
19
25
21
19
17
17
28
22
18
17
22
18
24
25
6.
20
29
25
11
18
20
26
19
22
22
17
24
10
21
15
34
16
19
13
17
22
19
21
10
15
14
21
23
24
22
28
22
17
16
22
22
21
19
32
9.
20
16
18
23
25
20
31
16
18
19
25
24
14
21
20
13
23
19
22
21
19
16
4.
13
24
17
28
22
24
22
23
19
22
21
9.
15
20
9.
26
27
18
28
26
16
18
19
21
20
24
22
17
20
13
18
15
24
25
18
22
23
27
19
17
20
23
13
23
25
22
18
26
21
15
16
11
28
21
24
15
22
21
20
28
27
15
27
17
13
24
14
27
24
19
16
25
25
14
22
16
16
22
13
26
26
28
27
22
21
25
20
14
19
20
23
23
23
15
8.
27
22
15
19
18
14
20
16
14
14
14
15
20
29
25
19
22
22
15
24
29
15
18
21
22
17
23
25
25
23
19
12
21
25
19
23
25
17
16
24
18
23
27
22
21
24
26
31
21
24
22
21
20
24
17
15
21
15
