71
73
82
74
84
78
82
87
80
80
76
76
83
79
80
79
82
78
73
78
79
75
87
85
74
78
75
76
84
82
72
75
85
78
80
88
80
83
84
73
79
78
74
80
77
81
76
78
76
79
73
72
82
83
80
69
80
77
84
75
78
81
77
84
74
72
78
82
80
79
77
81
87
74
83
78
76
83
78
83
74
78
82
79
82
77
76
73
83
81
75
83
79
80
85
81
85
82
75
77
83
86
79
76
82
78
81
80
78
74
73
85
82
83
82
75
74
84
79
88
76
82
76
79
73
81
75
86
79
84
84
79
83
82
79
78
74
80
75
78
85
84
86
84
76
78
83
83
76
73
80
82
83
81
80
71
82
81
79
78
81
71
78
82
81
79
74
78
81
73
75
78
77
69
78
72
81
80
76
72
79
74
87
82
71
76
82
78
78
72
84
81
80
75
81
76
76
78
79
75
81
89
83
79
79
76
82
