88
79
78
77
76
82
77
85
80
82
80
79
81
77
82
82
84
72
77
79
77
75
82
82
86
84
78
78
83
82
75
77
82
84
77
80
79
72
74
80
79
81
86
80
81
81
77
80
80
83
85
76
82
84
80
82
81
84
82
83
86
73
75
85
85
76
86
77
79
83
80
77
80
82
79
80
87
75
74
78
76
83
76
86
77
77
79
82
82
81
82
77
75
77
82
76
87
82
73
74
79
77
83
74
85
73
81
76
80
78
73
89
78
87
77
75
71
77
81
83
77
72
79
83
80
78
75
80
78
80
81
75
82
75
76
77
78
81
79
83
84
78
72
79
76
78
78
81
76
81
75
81
76
80
75
72
76
75
80
75
74
80
86
71
87
84
73
81
83
80
85
81
78
79
81
73
83
77
79
77
79
81
80
73
78
86
80
79
81
79
81
75
83
78
80
72
83
83
76
83
78
90
81
83
81
81
77
79
82
75
82
77
76
78
81
83
73
78
76
75
72
83
82
80
77
79
78
77
77
74
86
80
75
86
83
75
78
80
84
79
84
73
76
75
82
85
81
75
80
68
82
78
79
70
80
81
73
79
81
73
81
72
76
82
82
76
88
71
77
82
85
77
77
85
86
80
79
82
74
80
80
78
88
70
81
82
80
83
76
78
80
86
80
81
82
81
81
79
71
74
68
82
79
72
83
72
78
82
81
74
78
77
77
74
77
77
77
78
75
80
86
78
83
86
78
79
81
80
82
84
78
82
78
85
82
75
83
82
74
87
77
80
83
78
79
74
75
77
83
77
80
77
86
85
83
79
82
81
83
81
79
80
75
81
79
84
73
80
80
74
80
82
74
85
77
79
78
81
72
79
80
76
86
80
83
85
77
78
75
80
85
74
79
78
79
86
74
80
84
82
78
79
86
80
81
84
77
82
76
82
79
83
76
83
77
75
85
82
83
85
79
83
78
80
78
78
78
75
83
77
76
79
79
77
83
78
76
84
77
77
69
78
84
80
77
81
77
77
79
78
90
80
83
78
80
86
81
74
80
82
77
78
76
76
77
82
77
81
79
74
84
80
78
74
81
79
82
82
81
82
74
78
76
85
81
79
74
69
80
76
81
84
76
80
78
78
80
77
79
90
80
80
79
82
80
79
81
86
76
85
74
78
76
80
79
79
83
82
76
85
82
87
87
77
85
77
82
85
80
76
83
78
77
86
84
71
77
81
82
78
82
77
76
81
81
84
76
79
81
76
89
76
77
83
83
82
76
76
80
77
80
79
75
79
81
85
79
83
80
81
83
80
86
77
84
79
77
78
80
86
79
80
79
82
81
81
79
80
83
85
75
80
75
79
78
90
70
84
81
82
77
81
79
81
77
71
70
79
78
77
77
89
84
84
80
79
89
78
78
76
75
80
77
78
77
79
80
84
85
82
83
83
82
79
82
73
76
80
75
86
74
81
81
82
80
84
85
76
83
80
78
80
81
82
83
81
82
80
79
81
77
78
84
80
76
88
77
74
75
79
87
75
83
86
85
85
81
79
83
79
77
74
79
86
82
81
77
76
81
80
80
74
76
82
80
84
85
79
78
82
74
84
81
82
76
79
83
78
88
78
72
84
81
85
76
80
78
82
82
75
73
79
82
76
80
82
71
79
74
82
78
85
84
77
76
76
83
76
75
88
82
79
80
75
80
78
80
77
81
72
74
85
79
81
83
83
84
85
82
79
78
71
86
87
80
80
75
74
80
78
76
81
85
71
77
74
80
74
80
83
79
81
79
80
72
84
78
75
82
81
81
79
79
81
82
79
80
84
77
79
82
